Farmaco
pembrolizumab
osimertinib